e #------------------------------------------------------------
#    Intel (R) MPI Benchmarks 4.0, MPI-1 part    
#------------------------------------------------------------
# Date                  : Wed Nov 28 22:29:28 2018
# Machine               : x86_64
# System                : Linux
# Release               : 2.6.32-573.12.1.el6.x86_64
# Version               : #1 SMP Wed Dec 16 11:39:16 CET 2015
# MPI Version           : 3.0
# Node                  : cn08-17

#***************************************************
#***************   GENERAL   ***********************
#***************************************************

#---------------------------------------------------    
# Benchmarking PingPong                                 
# #processes = 2                                        
#---------------------------------------------------    
       #bytes #repetitions      t[usec]   Mbytes/sec    
            0      1000000         0.48         0.00    
            1      1000000         0.52         1.83    
            2      1000000         0.52         3.66    
            4      1000000         0.52         7.32    
            8      1000000         0.52        14.61    
           16      1000000         0.52        29.25    
           32      1000000         0.53        57.19    
           64       655360         0.59       104.18    
          128       327680         0.59       205.24    
          256       163840         0.61       401.22    
          512        81920         0.80       612.60    
         1024        40960         1.00       975.19    
         2048        20480         1.24      1574.06    
         4096        10240         1.95      2005.56    
         8192         5120         3.29      2377.49    
        16384         2560         5.90      2649.17    
        32768         1280        10.84      2883.18    
        65536          640        13.49      4634.14    
       131072          320        23.94      5220.53    
       262144          160        43.86      5700.04    
       524288           80        94.84      5271.88    
      1048576           40       200.59      4985.36    
      2097152           20       410.32      4874.19    
      4194304           10       833.50      4799.04    


#---------------------------------------------------
# Benchmarking PingPong 
# #processes = 2 
#---------------------------------------------------
       #bytes #repetitions      t[usec]   Mbytes/sec
            0      1000000         0.48         0.00
            1      1000000         0.52         1.84
            2      1000000         0.52         3.68
            4      1000000         0.52         7.35
            8      1000000         0.52        14.70
           16      1000000         0.52        29.36
           32      1000000         0.52        58.28
           64       655360         0.57       107.59
          128       327680         0.58       209.45
          256       163840         0.61       399.45
          512        81920         0.80       611.30
         1024        40960         1.00       978.06
         2048        20480         1.24      1570.19
         4096        10240         1.99      1964.88
         8192         5120         3.34      2341.16
        16384         2560         5.94      2630.89
        32768         1280        11.18      2794.94
        65536          640        13.41      4660.08
       131072          320        23.73      5267.65
       262144          160        43.51      5746.31
       524288           80        93.84      5328.38
      1048576           40       196.69      5084.24
      2097152           20       404.92      4939.20
      4194304           10       816.45      4899.24


#---------------------------------------------------
# Benchmarking PingPong 
# #processes = 2 
#---------------------------------------------------
       #bytes #repetitions      t[usec]   Mbytes/sec
            0      1000000         0.49         0.00
            1      1000000         0.52         1.82
            2      1000000         0.52         3.65
            4      1000000         0.52         7.29
            8      1000000         0.53        14.53
           16      1000000         0.52        29.07
           32      1000000         0.55        55.25
           64       655360         0.58       104.89
          128       327680         0.60       204.00
          256       163840         0.61       399.24
          512        81920         0.81       603.17
         1024        40960         1.01       965.48
         2048        20480         1.27      1536.33
         4096        10240         1.91      2040.97
         8192         5120         3.38      2312.07
        16384         2560         6.04      2587.06
        32768         1280        11.24      2780.49
        65536          640        13.28      4705.04
       131072          320        24.63      5074.55
       262144          160        44.67      5596.79
       524288           80        96.62      5175.04
      1048576           40       202.75      4932.23
      2097152           20       415.72      4810.88
      4194304           10       844.35      4737.39


#***************************************************
#***************   SAME-SOCKET   *******************
#***************************************************


#---------------------------------------------------
# Benchmarking PingPong 
# #processes = 2 
#---------------------------------------------------
       #bytes #repetitions      t[usec]   Mbytes/sec
            0      1000000         0.19         0.00
            1      1000000         0.20         4.72
            2      1000000         0.20         9.42
            4      1000000         0.20        18.83
            8      1000000         0.20        37.64
           16      1000000         0.20        75.45
           32      1000000         0.25       121.92
           64       655360         0.26       232.00
          128       327680         0.28       442.37
          256       163840         0.29       836.55
          512        81920         0.36      1371.37
         1024        40960         0.42      2352.04
         2048        20480         0.56      3469.38
         4096        10240         0.86      4538.74
         8192         5120         1.44      5413.75
        16384         2560         2.67      5857.35
        32768         1280         4.61      6773.34
        65536          640         7.83      7984.78
       131072          320        14.25      8768.96
       262144          160        27.07      9233.72
       524288           80        50.17      9966.27
      1048576           40        96.16     10398.99
      2097152           20       184.35     10848.86
      4194304           10       357.15     11199.74



#---------------------------------------------------
# Benchmarking PingPong 
# #processes = 2 
#---------------------------------------------------
       #bytes #repetitions      t[usec]   Mbytes/sec
            0      1000000         0.18         0.00
            1      1000000         0.19         4.97
            2      1000000         0.19         9.93
            4      1000000         0.19        19.80
            8      1000000         0.19        39.96
           16      1000000         0.19        79.71
           32      1000000         0.24       124.77
           64       655360         0.26       232.54
          128       327680         0.27       454.44
          256       163840         0.29       848.69
          512        81920         0.35      1414.90
         1024        40960         0.41      2410.64
         2048        20480         0.56      3516.50
         4096        10240         0.86      4545.69
         8192         5120         1.45      5388.63
        16384         2560         2.66      5878.49
        32768         1280         4.61      6780.73
        65536          640         7.79      8019.13
       131072          320        14.32      8729.72
       262144          160        27.18      9196.52
       524288           80        50.03      9993.87
      1048576           40        96.31     10382.90
      2097152           20       182.28     10972.31
      4194304           10       358.70     11151.36



#---------------------------------------------------
# Benchmarking PingPong 
# #processes = 2 
#---------------------------------------------------
       #bytes #repetitions      t[usec]   Mbytes/sec
            0      1000000         0.19         0.00
            1      1000000         0.20         4.75
            2      1000000         0.20         9.51
            4      1000000         0.20        19.03
            8      1000000         0.20        37.78
           16      1000000         0.20        75.41
           32      1000000         0.25       124.09
           64       655360         0.26       231.90
          128       327680         0.28       443.21
          256       163840         0.29       831.27
          512        81920         0.35      1381.50
         1024        40960         0.41      2367.71
         2048        20480         0.57      3448.73
         4096        10240         0.85      4588.77
         8192         5120         1.44      5406.86
        16384         2560         2.64      5921.54
        32768         1280         4.58      6823.61
        65536          640         7.62      8201.61
       131072          320        14.22      8788.25
       262144          160        27.25      9174.39
       524288           80        49.96     10007.59
      1048576           40        95.04     10521.93
      2097152           20       180.55     11076.99
      4194304           10       355.85     11240.64



#***************************************************
#***************   DIFF-SOCKET   *******************
#***************************************************


#---------------------------------------------------
# Benchmarking PingPong 
# #processes = 2 
#---------------------------------------------------
       #bytes #repetitions      t[usec]   Mbytes/sec
            0      1000000         0.46         0.00
            1      1000000         0.51         1.86
            2      1000000         0.51         3.73
            4      1000000         0.51         7.47
            8      1000000         0.51        14.92
           16      1000000         0.51        29.81
           32      1000000         0.52        58.77
           64       655360         0.56       108.27
          128       327680         0.58       210.10
          256       163840         0.60       406.25
          512        81920         0.79       617.55
         1024        40960         1.00       976.13
         2048        20480         1.24      1580.84
         4096        10240         1.97      1981.67
         8192         5120         3.30      2370.94
        16384         2560         5.84      2675.22
        32768         1280        11.10      2815.82
        65536          640        12.85      4863.81
       131072          320        23.07      5417.42
       262144          160        43.19      5787.84
       524288           80        92.59      5400.33
      1048576           40       193.30      5173.28
      2097152           20       395.00      5063.29
      4194304           10       798.90      5006.85



#---------------------------------------------------
# Benchmarking PingPong 
# #processes = 2 
#---------------------------------------------------
       #bytes #repetitions      t[usec]   Mbytes/sec
            0      1000000         0.47         0.00
            1      1000000         0.53         1.81
            2      1000000         0.53         3.62
            4      1000000         0.53         7.24
            8      1000000         0.54        14.14
           16      1000000         0.53        28.89
           32      1000000         0.53        57.34
           64       655360         0.57       107.62
          128       327680         0.60       205.01
          256       163840         0.62       395.26
          512        81920         0.80       611.48
         1024        40960         0.97      1010.51
         2048        20480         1.27      1534.77
         4096        10240         1.98      1975.02
         8192         5120         3.29      2373.05
        16384         2560         5.96      2620.54
        32768         1280        11.43      2734.96
        65536          640        13.43      4654.13
       131072          320        24.84      5032.08
       262144          160        44.11      5667.69
       524288           80        95.86      5216.15
      1048576           40       200.76      4981.06
      2097152           20       411.80      4856.77
      4194304           10       836.25      4783.24


#---------------------------------------------------
# Benchmarking PingPong 
# #processes = 2 
#---------------------------------------------------
       #bytes #repetitions      t[usec]   Mbytes/sec
            0      1000000         0.46         0.00
            1      1000000         0.50         1.92
            2      1000000         0.50         3.83
            4      1000000         0.50         7.65
            8      1000000         0.50        15.33
           16      1000000         0.50        30.63
           32      1000000         0.52        58.86
           64       655360         0.57       107.24
          128       327680         0.57       213.80
          256       163840         0.59       411.77
          512        81920         0.80       611.37
         1024        40960         0.99       981.52
         2048        20480         1.27      1539.32
         4096        10240         1.96      1994.87
         8192         5120         3.23      2417.21
        16384         2560         5.81      2688.35
        32768         1280        11.19      2793.18
        65536          640        13.83      4519.54
       131072          320        24.06      5195.47
       262144          160        44.05      5675.36
       524288           80        95.02      5262.12
      1048576           40       200.00      4999.99
      2097152           20       410.45      4872.71
      4194304           10       833.09      4801.38


#***************************************************
#***************   DIFF-NODE   *******************
#***************************************************

# -npernode was deprecated in favor of -map-by ppr:n:node
#mpirun -np 2 -map-by ppr:1:node IMB-MPI1 -iter 1000000 PingPong

#---------------------------------------------------
# Benchmarking PingPong 
# #processes = 2 
#---------------------------------------------------
       #bytes #repetitions      t[usec]   Mbytes/sec
            0      1000000         0.48         0.00
            1      1000000         0.53         1.79
            2      1000000         0.53         3.59
            4      1000000         0.53         7.17
            8      1000000         0.53        14.30
           16      1000000         0.53        28.65
           32      1000000         0.55        55.25
           64       655360         0.59       103.44
          128       327680         0.60       203.08
          256       163840         0.62       391.56
          512        81920         0.79       616.94
         1024        40960         0.97      1007.87
         2048        20480         1.23      1584.82
         4096        10240         1.84      2121.90
         8192         5120         3.18      2453.01
        16384         2560         5.53      2823.07
        32768         1280        10.75      2908.24
        65536          640        12.29      5085.47
       131072          320        21.88      5712.66
       262144          160        38.83      6437.55
       524288           80        76.31      6551.94
      1048576           40       153.39      6519.47
      2097152           20       302.43      6613.14
      4194304           10       604.39      6618.23



#---------------------------------------------------
# Benchmarking PingPong 
# #processes = 2 
#---------------------------------------------------
       #bytes #repetitions      t[usec]   Mbytes/sec
            0      1000000         0.59         0.00
            1      1000000         0.65         1.47
            2      1000000         0.65         2.94
            4      1000000         0.65         5.88
            8      1000000         0.65        11.77
           16      1000000         0.65        23.51
           32      1000000         0.61        50.17
           64       655360         0.65        93.86
          128       327680         0.67       182.35
          256       163840         0.64       378.87
          512        81920         0.85       574.54
         1024        40960         0.99       984.56
         2048        20480         1.30      1499.00
         4096        10240         1.97      1979.95
         8192         5120         3.34      2338.50
        16384         2560         5.53      2827.66
        32768         1280        10.95      2854.19
        65536          640        12.03      5194.43
       131072          320        21.52      5807.58
       262144          160        38.47      6497.76
       524288           80        75.40      6631.31
      1048576           40       149.57      6685.61
      2097152           20       297.90      6713.57
      4194304           10       593.54      6739.19



#---------------------------------------------------
# Benchmarking PingPong 
# #processes = 2 
#---------------------------------------------------
       #bytes #repetitions      t[usec]   Mbytes/sec
            0      1000000         0.54         0.00
            1      1000000         0.61         1.56
            2      1000000         0.61         3.12
            4      1000000         0.61         6.26
            8      1000000         0.61        12.47
           16      1000000         0.61        25.00
           32      1000000         0.56        54.45
           64       655360         0.60       101.28
          128       327680         0.61       199.03
          256       163840         0.64       381.68
          512        81920         0.90       545.04
         1024        40960         1.00       975.43
         2048        20480         1.32      1475.47
         4096        10240         1.90      2050.80
         8192         5120         3.32      2350.10
        16384         2560         5.66      2760.80
        32768         1280        10.91      2863.57
        65536          640        12.70      4920.08
       131072          320        21.26      5878.39
       262144          160        37.67      6636.29
       524288           80        72.47      6899.52
      1048576           40       141.72      7055.92
      2097152           20       282.68      7075.26
      4194304           10       561.20      7127.56


#***************************************************
#***************  TRUE DIFF-NODE   *******************
#***************************************************

#---------------------------------------------------
# Benchmarking PingPong 
# #processes = 2 
#---------------------------------------------------
       #bytes #repetitions      t[usec]   Mbytes/sec
            0      1000000         1.75         0.00
            1      1000000         1.76         0.57
            2      1000000         1.75         1.14
            4      1000000         1.75         2.29
            8      1000000         1.78         4.51
           16      1000000         1.95         8.20
           32      1000000         1.95        16.42
           64       655360         1.95        32.82
          128       327680         1.99        64.46
          256       163840         2.09       122.64
          512        81920         2.31       222.12
         1024        40960         2.70       378.72
         2048        20480         3.46       591.23
         4096        10240         4.48       913.67
         8192         5120         6.29      1303.04
        16384         2560         9.99      1640.00
        32768         1280        17.07      1919.67
        65536          640        49.65      1320.09
       131072          320        82.07      1596.98
       262144          160       127.79      2051.41
       524288           80       217.88      2406.30
      1048576           40       409.80      2558.75
      2097152           20       789.70      2655.62
      4194304           10      1628.55      2575.48




#---------------------------------------------------
# Benchmarking PingPong 
# #processes = 2 
#---------------------------------------------------
       #bytes #repetitions      t[usec]   Mbytes/sec
            0      1000000         1.74         0.00
            1      1000000         1.78         0.56
            2      1000000         1.78         1.12
            4      1000000         1.78         2.25
            8      1000000         1.77         4.51
           16      1000000         1.96         8.18
           32      1000000         1.98        16.20
           64       655360         1.96        32.72
          128       327680         2.00        64.09
          256       163840         2.11       121.51
          512        81920         2.34       218.45
         1024        40960         2.73       374.71
         2048        20480         3.49       587.17
         4096        10240         4.59       892.97
         8192         5120         6.47      1265.29
        16384         2560        10.16      1612.51
        32768         1280        17.14      1911.89
        65536          640        49.63      1320.61
       131072          320        83.61      1567.73
       262144          160       128.57      2038.85
       524288           80       220.44      2378.40
      1048576           40       413.14      2538.08
      2097152           20       834.92      2511.79
      4194304           10      1646.10      2548.02



#---------------------------------------------------
# Benchmarking PingPong 
# #processes = 2 
#---------------------------------------------------
       #bytes #repetitions      t[usec]   Mbytes/sec
            0      1000000         1.74         0.00
            1      1000000         1.75         0.57
            2      1000000         1.76         1.14
            4      1000000         1.77         2.26
            8      1000000         1.77         4.52
           16      1000000         1.95         8.19
           32      1000000         1.95        16.42
           64       655360         1.95        32.80
          128       327680         1.99        64.31
          256       163840         2.09       122.55
          512        81920         2.33       220.11
         1024        40960         2.71       378.49
         2048        20480         3.47       590.71
         4096        10240         4.65       880.80
         8192         5120         6.60      1241.23
        16384         2560        10.29      1592.31
        32768         1280        17.42      1880.85
        65536          640        50.67      1293.38
       131072          320        86.27      1519.27
       262144          160       132.07      1984.90
       524288           80       220.46      2378.21
      1048576           40       434.79      2411.71
      2097152           20       820.12      2557.12
      4194304           10      1614.19      2598.40

